06:00, 08, 16, 24, 32, 40, 48, 56
07:04, 12, 20, 28, 36, 44, 52
08:00, 04, 08, 12, 16, 20, 24, 28, 32, 36, 40, 44, 48, 52, 56
09:00, 04, 08, 12, 16, 20, 24, 28, 32, 36, 40, 44, 48, 52, 56
10:00, 08, 16, 24, 32, 40, 48, 56
11:04, 12, 20, 28, 36, 44, 52
12:00, 08, 16, 24, 32, 40, 48, 56
13:04, 12, 20, 28, 36, 44, 52
14:00, 08, 16, 24, 32, 40, 48, 56
15:04, 12, 20, 28, 36, 44, 52
16:00, 08, 16, 24, 32, 40, 48, 56
17:04, 08, 12, 16, 20, 24, 28, 32, 36, 40, 44, 48, 52, 56
18:00, 04, 08, 12, 16, 20, 24, 28, 32, 36, 40, 44, 48, 52, 56
19:00, 08, 16, 24, 32, 40, 48, 56
20:04, 12, 20, 28, 36, 44, 52
21:00, 08, 16, 24, 32, 40, 48, 56
22:04, 12, 20, 28, 36, 44, 52
23:00